525 400
526 400
527 400
528 400
529 400
530 400
531 400
532 400
533 400
534 400
535 400
536 400
537 400
538 400
539 400
540 400
541 400
524 400
523 400
522 400
521 400
520 400
519 400
518 400
517 400
516 400
515 400
514 400
513 400
512 400
511 400
510 400
509 400
508 400
525 401
526 401
527 401
528 401
529 401
530 401
531 401
532 401
533 401
534 401
535 401
536 401
537 401
538 401
539 401
540 401
524 401
523 401
522 401
521 401
520 401
519 401
518 401
517 401
516 401
515 401
514 401
513 401
512 401
511 401
510 401
509 401
525 399
526 399
527 399
528 399
529 399
530 399
531 399
532 399
533 399
534 399
535 399
536 399
537 399
538 399
539 399
540 399
524 399
523 399
522 399
521 399
520 399
519 399
518 399
517 399
516 399
515 399
514 399
513 399
512 399
511 399
510 399
509 399
508 399
507 399
525 402
526 402
527 402
528 402
529 402
530 402
531 402
532 402
533 402
534 402
535 402
536 402
537 402
538 402
539 402
540 402
524 402
523 402
522 402
521 402
520 402
519 402
518 402
517 402
516 402
515 402
514 402
513 402
512 402
511 402
510 402
525 398
526 398
527 398
528 398
529 398
530 398
531 398
532 398
533 398
534 398
535 398
536 398
537 398
538 398
539 398
540 398
524 398
523 398
522 398
521 398
520 398
519 398
518 398
517 398
516 398
515 398
514 398
513 398
512 398
511 398
510 398
509 398
508 398
507 398
506 398
525 403
526 403
527 403
528 403
529 403
530 403
531 403
532 403
533 403
534 403
535 403
536 403
537 403
538 403
539 403
524 403
523 403
522 403
521 403
520 403
519 403
518 403
517 403
516 403
515 403
514 403
513 403
512 403
511 403
525 397
526 397
527 397
528 397
529 397
530 397
531 397
532 397
533 397
534 397
535 397
536 397
537 397
538 397
539 397
540 397
524 397
523 397
522 397
521 397
520 397
519 397
518 397
517 397
516 397
515 397
514 397
513 397
512 397
511 397
510 397
509 397
508 397
507 397
506 397
505 397
525 404
526 404
527 404
528 404
529 404
530 404
531 404
532 404
533 404
534 404
535 404
536 404
537 404
538 404
524 404
523 404
522 404
521 404
520 404
519 404
518 404
517 404
516 404
515 404
514 404
513 404
512 404
525 396
526 396
527 396
528 396
529 396
530 396
531 396
532 396
533 396
534 396
535 396
536 396
537 396
538 396
539 396
540 396
524 396
523 396
522 396
521 396
520 396
519 396
518 396
517 396
516 396
515 396
514 396
513 396
512 396
511 396
510 396
509 396
508 396
507 396
506 396
505 396
504 396
525 405
526 405
527 405
528 405
529 405
530 405
531 405
532 405
533 405
534 405
535 405
536 405
524 405
523 405
522 405
521 405
520 405
519 405
518 405
517 405
516 405
515 405
514 405
525 395
526 395
527 395
528 395
529 395
530 395
531 395
532 395
533 395
534 395
535 395
536 395
537 395
538 395
539 395
540 395
524 395
523 395
522 395
521 395
520 395
519 395
518 395
517 395
516 395
515 395
514 395
513 395
512 395
511 395
510 395
509 395
508 395
507 395
506 395
505 395
504 395
503 395
525 406
526 406
527 406
528 406
529 406
530 406
531 406
532 406
533 406
534 406
535 406
524 406
523 406
522 406
521 406
520 406
519 406
518 406
517 406
516 406
515 406
525 394
526 394
527 394
528 394
529 394
530 394
531 394
532 394
533 394
534 394
535 394
536 394
537 394
538 394
539 394
540 394
524 394
523 394
522 394
521 394
520 394
519 394
518 394
517 394
516 394
515 394
514 394
513 394
512 394
511 394
510 394
509 394
508 394
507 394
506 394
505 394
504 394
503 394
525 407
526 407
527 407
528 407
529 407
530 407
531 407
532 407
533 407
524 407
523 407
522 407
521 407
520 407
519 407
518 407
517 407
525 393
526 393
527 393
528 393
529 393
530 393
531 393
532 393
533 393
534 393
535 393
536 393
537 393
538 393
539 393
540 393
524 393
523 393
522 393
521 393
520 393
519 393
518 393
517 393
516 393
515 393
514 393
513 393
512 393
511 393
510 393
509 393
508 393
507 393
506 393
505 393
504 393
503 393
525 408
526 408
527 408
528 408
529 408
530 408
524 408
523 408
522 408
521 408
520 408
525 392
526 392
527 392
528 392
529 392
530 392
531 392
532 392
533 392
534 392
535 392
536 392
537 392
538 392
539 392
524 392
523 392
522 392
521 392
520 392
519 392
518 392
517 392
516 392
515 392
514 392
513 392
512 392
511 392
510 392
509 392
508 392
507 392
506 392
505 392
504 392
503 392
525 391
526 391
527 391
528 391
529 391
530 391
531 391
532 391
533 391
534 391
535 391
536 391
537 391
538 391
539 391
524 391
523 391
522 391
521 391
520 391
519 391
518 391
517 391
516 391
515 391
514 391
513 391
512 391
511 391
510 391
509 391
508 391
507 391
506 391
505 391
504 391
503 391
525 390
526 390
527 390
528 390
529 390
530 390
531 390
532 390
533 390
534 390
535 390
536 390
537 390
538 390
539 390
524 390
523 390
522 390
521 390
520 390
519 390
518 390
517 390
516 390
515 390
514 390
513 390
512 390
511 390
510 390
509 390
508 390
507 390
506 390
505 390
504 390
525 389
526 389
527 389
528 389
529 389
530 389
531 389
532 389
533 389
534 389
535 389
536 389
537 389
538 389
539 389
524 389
523 389
522 389
521 389
520 389
519 389
518 389
517 389
516 389
515 389
514 389
513 389
512 389
511 389
510 389
509 389
508 389
507 389
506 389
505 389
504 389
525 388
526 388
527 388
528 388
529 388
530 388
531 388
532 388
533 388
534 388
535 388
536 388
537 388
538 388
524 388
523 388
522 388
521 388
520 388
519 388
518 388
517 388
516 388
515 388
514 388
513 388
512 388
511 388
510 388
509 388
508 388
507 388
506 388
505 388
504 388
525 387
526 387
527 387
528 387
529 387
530 387
531 387
532 387
533 387
534 387
535 387
536 387
537 387
538 387
524 387
523 387
522 387
521 387
520 387
519 387
518 387
517 387
516 387
515 387
514 387
513 387
512 387
511 387
510 387
509 387
508 387
507 387
506 387
505 387
504 387
525 386
526 386
527 386
528 386
529 386
530 386
531 386
532 386
533 386
534 386
535 386
536 386
537 386
524 386
523 386
522 386
521 386
520 386
519 386
518 386
517 386
516 386
515 386
514 386
513 386
512 386
511 386
510 386
509 386
508 386
507 386
506 386
505 386
525 385
526 385
527 385
528 385
529 385
530 385
531 385
532 385
533 385
534 385
535 385
536 385
537 385
524 385
523 385
522 385
521 385
520 385
519 385
518 385
517 385
516 385
515 385
514 385
513 385
512 385
511 385
510 385
509 385
508 385
507 385
506 385
505 385
525 384
526 384
527 384
528 384
529 384
530 384
531 384
532 384
533 384
534 384
535 384
536 384
524 384
523 384
522 384
521 384
520 384
519 384
518 384
517 384
516 384
515 384
514 384
513 384
512 384
511 384
510 384
509 384
508 384
507 384
506 384
505 384
525 383
526 383
527 383
528 383
529 383
530 383
531 383
532 383
533 383
534 383
535 383
536 383
524 383
523 383
522 383
521 383
520 383
519 383
518 383
517 383
516 383
515 383
514 383
513 383
512 383
511 383
510 383
509 383
508 383
507 383
506 383
525 382
526 382
527 382
528 382
529 382
530 382
531 382
532 382
533 382
534 382
535 382
524 382
523 382
522 382
521 382
520 382
519 382
518 382
517 382
516 382
515 382
514 382
513 382
512 382
511 382
510 382
509 382
508 382
507 382
506 382
525 381
526 381
527 381
528 381
529 381
530 381
531 381
532 381
533 381
534 381
535 381
524 381
523 381
522 381
521 381
520 381
519 381
518 381
517 381
516 381
515 381
514 381
513 381
512 381
511 381
510 381
509 381
508 381
507 381
525 380
526 380
527 380
528 380
529 380
530 380
531 380
532 380
533 380
534 380
524 380
523 380
522 380
521 380
520 380
519 380
518 380
517 380
516 380
515 380
514 380
513 380
512 380
511 380
510 380
509 380
508 380
507 380
525 379
526 379
527 379
528 379
529 379
530 379
531 379
532 379
533 379
534 379
524 379
523 379
522 379
521 379
520 379
519 379
518 379
517 379
516 379
515 379
514 379
513 379
512 379
511 379
510 379
509 379
508 379
507 379
525 378
526 378
527 378
528 378
529 378
530 378
531 378
532 378
533 378
524 378
523 378
522 378
521 378
520 378
519 378
518 378
517 378
516 378
515 378
514 378
513 378
512 378
511 378
510 378
509 378
508 378
525 377
526 377
527 377
528 377
529 377
530 377
531 377
532 377
524 377
523 377
522 377
521 377
520 377
519 377
518 377
517 377
516 377
515 377
514 377
513 377
512 377
511 377
510 377
509 377
508 377
525 376
526 376
527 376
528 376
529 376
530 376
531 376
524 376
523 376
522 376
521 376
520 376
519 376
518 376
517 376
516 376
515 376
514 376
513 376
512 376
511 376
510 376
509 376
508 376
525 375
526 375
527 375
528 375
529 375
530 375
531 375
524 375
523 375
522 375
521 375
520 375
519 375
518 375
517 375
516 375
515 375
514 375
513 375
525 374
526 374
527 374
528 374
529 374
530 374
524 374
523 374
522 374
521 374
520 374
519 374
